Webots Project File version R2020a
perspectives: 000000ff00000000fd00000003000000000000021c00000298fc0100000002fb0000001e00480074006d006c0052006f0062006f007400570069006e0064006f007701000000000000021c0000005400fffffffb0000001a0044006f00630075006d0065006e0074006100740069006f006e0000000000ffffffff0000005400ffffff00000001000000f000000183fc0200000001fb0000001400540065007800740045006400690074006f00720100000015000001830000009d00ffffff00000003000003340000010ffc0100000001fb0000000e0043006f006e0073006f006c00650100000222000003340000005400ffffff0000023e0000018300000001000000020000000100000008fc00000000
simulationViewPerspectives: 000000ff000000010000000200000118000002610100000006010000000100
sceneTreePerspectives: 000000ff000000010000000200000143000000000100000006010000000200
maximizedDockId: -1
centralWidgetVisible: 1
projectionMode: PERSPECTIVE
selectionDisabled: 0
viewpointLocked: 0
orthographicViewHeight: 2.85312
textFiles: 1 "controllers/f_up/f_up.cpp" "Iniciação Científica/controllers/test/Test.cpp"
robotWindow: robot
globalOptionalRendering: CoordinateSystem
renderingDevicePerspectives: robot:Camera;0;0.0296296;0;0
